36 630 001
2 1 3 1 4 1 5 1 6 1 7 125000 8 148877 9 166375 10 175616 11 175616 12 2248091 13 2299968 14 2406104 15 2197000 16 1860867 17 1259712 18 1259712 19 1367631 20 1295029 21 1442897 22 287496 23 250047 24 157464 25 205379 26 97336 27 17576 28 21952 29 35937 30 15625 31 6859 32 140608 33 125000 34 103823 35 74088 36 42875 
1 1 3 1 4 1 5 1 6 1 7 64000 8 74088 9 79507 10 79507 11 74088 12 1520875 13 1404928 14 1191016 15 1030301 16 830584 17 2515456 18 2248091 19 2571353 20 2248091 21 2352637 22 912673 23 804357 24 614125 25 729000 26 438976 27 85184 28 91125 29 117649 30 59319 31 32768 32 175616 33 157464 34 125000 35 91125 36 68921 
1 1 2 1 4 1 5 1 6 1 7 3375 8 3375 9 3375 10 2197 11 1728 12 250047 13 216000 14 157464 15 117649 16 74088 17 778688 18 704969 19 753571 20 778688 21 681472 22 2248091 23 2685619 24 2248091 25 2515456 26 2097152 27 274625 28 274625 29 287496 30 157464 31 97336 32 110592 33 97336 34 74088 35 54872 36 54872 
1 1 2 1 3 1 5 1 6 1 7 205379 8 175616 9 148877 10 125000 11 110592 12 12167 13 10648 14 8000 15 4913 16 1000 17 64000 18 39304 19 117649 20 166375 21 132651 22 125000 23 205379 24 117649 25 148877 26 185193 27 2248091 28 2299968 29 2460375 30 2571353 31 2146689 32 1030301 33 1030301 34 1000000 35 1000000 36 1191016 
1 1 2 1 3 1 4 1 6 1 7 884736 8 804357 9 729000 10 658503 11 614125 12 54872 13 50653 14 54872 15 46656 16 27000 17 97336 18 64000 19 175616 20 250047 21 216000 22 68921 23 103823 24 42875 25 64000 26 59319 27 857375 28 912673 29 1061208 30 1157625 31 1157625 32 2515456 33 2571353 34 2571353 35 2406104 36 2248091 
1 1 2 1 3 1 4 1 5 1 7 2146689 8 2197000 9 2197000 10 2097152 11 2000376 12 140608 13 148877 14 175616 15 175616 16 148877 17 103823 18 79507 19 195112 20 250047 21 238328 22 15625 23 24389 24 4096 25 10648 26 4096 27 148877 28 166375 29 226981 30 238328 31 226981 32 1124864 33 1124864 34 1124864 35 1030301 36 804357 
1 125000 2 64000 3 3375 4 205379 5 884736 6 2146689 8 2571353 9 2352637 10 2197000 11 2146689 12 59319 13 64000 14 85184 15 85184 16 68921 17 39304 18 27000 19 91125 20 125000 21 117649 22 2744 23 4913 24 125 25 1331 26 125 27 117649 28 132651 29 185193 30 205379 31 216000 32 1000000 33 1030301 34 1030301 35 1030301 36 804357 
1 148877 2 74088 3 3375 4 175616 5 804357 6 2197000 7 2571353 9 2628072 10 2460375 11 2352637 12 74088 13 79507 14 103823 15 103823 16 91125 17 46656 18 32768 19 97336 20 132651 21 132651 22 2744 23 4913 24 125 25 1000 26 125 27 97336 28 110592 29 157464 30 175616 31 175616 32 912673 33 912673 34 941192 35 912673 36 704969 
1 166375 2 79507 3 3375 4 148877 5 729000 6 2197000 7 2352637 8 2628072 10 2685619 11 2571353 12 85184 13 91125 14 117649 15 125000 16 103823 17 50653 18 35937 19 103823 20 140608 21 140608 22 2744 23 4913 24 64 25 1000 26 64 27 79507 28 91125 29 132651 30 148877 31 148877 32 830584 33 857375 34 857375 35 830584 36 636056 
1 175616 2 79507 3 2197 4 125000 5 658503 6 2097152 7 2197000 8 2460375 9 2685619 11 2744000 12 85184 13 97336 14 125000 15 132651 16 110592 17 50653 18 35937 19 103823 20 140608 21 140608 22 2197 23 3375 24 27 25 729 26 27 27 68921 28 79507 29 110592 30 125000 31 125000 32 778688 33 778688 34 778688 35 753571 36 571787 
1 175616 2 74088 3 1728 4 110592 5 614125 6 2000376 7 2146689 8 2352637 9 2571353 10 2744000 12 85184 13 97336 14 125000 15 132651 16 117649 17 46656 18 32768 19 97336 20 132651 21 132651 22 1331 23 2744 24 8 25 512 26 1 27 59319 28 68921 29 97336 30 110592 31 110592 32 729000 33 729000 34 729000 35 704969 36 531441 
1 2248091 2 1520875 3 250047 4 12167 5 54872 6 140608 7 59319 8 74088 9 85184 10 85184 11 85184 13 2685619 14 2299968 15 2048383 16 1771561 17 1442897 18 1481544 19 1404928 20 1259712 21 1404928 22 357911 23 287496 24 205379 25 250047 26 117649 27 10648 28 12167 29 19683 30 6859 31 2197 32 85184 33 74088 34 54872 35 35937 36 19683 
1 2299968 2 1404928 3 216000 4 10648 5 50653 6 148877 7 64000 8 79507 9 91125 10 97336 11 97336 12 2685619 14 2460375 15 2197000 16 1906624 17 1331000 18 1367631 19 1331000 20 1191016 21 1331000 22 314432 23 250047 24 175616 25 216000 26 97336 27 8000 28 9261 29 17576 30 4913 31 1728 32 79507 33 68921 34 54872 35 35937 36 19683 
1 2406104 2 1191016 3 157464 4 8000 5 54872 6 175616 7 85184 8 103823 9 117649 10 125000 11 125000 12 2299968 13 2460375 15 2571353 16 2197000 17 1124864 18 1124864 19 1157625 20 1030301 21 1191016 22 226981 23 185193 24 117649 25 157464 26 64000 27 5832 28 6859 29 13824 30 4096 31 1000 32 85184 33 74088 34 59319 35 39304 36 19683 
1 2197000 2 1030301 3 117649 4 4913 5 46656 6 175616 7 85184 8 103823 9 125000 10 132651 11 132651 12 2048383 13 2197000 14 2571353 16 2460375 17 941192 18 970299 19 1000000 20 912673 21 1030301 22 175616 23 140608 24 85184 25 117649 26 42875 27 2744 28 4096 29 9261 30 2197 31 512 32 74088 33 64000 34 50653 35 32768 36 15625 
1 1860867 2 830584 3 74088 4 1000 5 27000 6 148877 7 68921 8 91125 9 103823 10 110592 11 117649 12 1771561 13 1906624 14 2197000 15 2460375 17 778688 18 804357 19 804357 20 729000 21 830584 22 125000 23 91125 24 54872 25 74088 26 21952 27 343 28 729 29 2744 30 343 31 1 32 50653 33 42875 34 32768 35 19683 36 8000 
1 1259712 2 2515456 3 778688 4 64000 5 97336 6 103823 7 39304 8 46656 9 50653 10 50653 11 46656 12 1442897 13 1331000 14 1124864 15 941192 16 778688 18 2571353 19 2248091 20 1953125 21 2048383 22 1000000 23 857375 24 681472 25 778688 26 474552 27 68921 28 74088 29 91125 30 42875 31 21952 32 125000 33 110592 34 85184 35 59319 36 42875 
1 1259712 2 2248091 3 704969 4 39304 5 64000 6 79507 7 27000 8 32768 9 35937 10 35937 11 32768 12 1481544 13 1367631 14 1124864 15 970299 16 804357 17 2571353 19 2000376 20 1728000 21 1815848 22 941192 23 778688 24 636056 25 729000 26 421875 27 42875 28 50653 29 64000 30 27000 31 12167 32 91125 33 79507 34 59319 35 39304 36 27000 
1 1367631 2 2571353 3 753571 4 117649 5 175616 6 195112 7 91125 8 97336 9 103823 10 103823 11 97336 12 1404928 13 1331000 14 1157625 15 1000000 16 804357 17 2248091 18 2000376 20 2515456 21 2628072 22 912673 23 830584 24 614125 25 729000 26 456533 27 110592 28 125000 29 157464 30 85184 31 50653 32 226981 33 205379 34 166375 35 125000 36 97336 
1 1295029 2 2248091 3 778688 4 166375 5 250047 6 250047 7 125000 8 132651 9 140608 10 140608 11 132651 12 1259712 13 1191016 14 1030301 15 912673 16 729000 17 1953125 18 1728000 19 2515456 21 2628072 22 884736 23 830584 24 614125 25 729000 26 474552 27 157464 28 175616 29 216000 30 125000 31 79507 32 300763 33 274625 34 226981 35 175616 36 140608 
1 1442897 2 2352637 3 681472 4 132651 5 216000 6 238328 7 117649 8 132651 9 140608 10 140608 11 132651 12 1404928 13 1331000 14 1191016 15 1030301 16 830584 17 2048383 18 1815848 19 2628072 20 2628072 22 830584 23 753571 24 551368 25 658503 26 405224 27 125000 28 132651 29 166375 30 97336 31 59319 32 274625 33 250047 34 205379 35 157464 36 117649 
1 287496 2 912673 3 2248091 4 125000 5 68921 6 15625 7 2744 8 2744 9 2744 10 2197 11 1331 12 357911 13 314432 14 226981 15 175616 16 125000 17 1000000 18 941192 19 912673 20 884736 21 830584 23 2352637 24 2197000 25 2406104 26 1685159 27 175616 28 175616 29 185193 30 91125 31 50653 32 79507 33 68921 34 50653 35 35937 36 32768 
1 250047 2 804357 3 2685619 4 205379 5 103823 6 24389 7 4913 8 4913 9 4913 10 3375 11 2744 12 287496 13 250047 14 185193 15 140608 16 91125 17 857375 18 778688 19 830584 20 830584 21 753571 22 2352637 24 2197000 25 2460375 26 1953125 27 274625 28 274625 29 287496 30 157464 31 97336 32 117649 33 103823 34 79507 35 59319 36 54872 
1 157464 2 614125 3 2248091 4 117649 5 42875 6 4096 7 125 8 125 9 64 10 27 11 8 12 205379 13 175616 14 117649 15 85184 16 54872 17 681472 18 636056 19 614125 20 614125 21 551368 22 2197000 23 2197000 25 2515456 26 2146689 27 175616 28 175616 29 175616 30 85184 31 46656 32 50653 33 42875 34 29791 35 19683 36 19683 
1 205379 2 729000 3 2515456 4 148877 5 64000 6 10648 7 1331 8 1000 9 1000 10 729 11 512 12 250047 13 216000 14 157464 15 117649 16 74088 17 778688 18 729000 19 729000 20 729000 21 658503 22 2406104 23 2460375 24 2515456 26 2048383 27 205379 28 216000 29 216000 30 110592 31 64000 32 74088 33 64000 34 50653 35 32768 36 32768 
1 97336 2 438976 3 2097152 4 185193 5 59319 6 4096 7 125 8 125 9 64 10 27 11 1 12 117649 13 97336 14 64000 15 42875 16 21952 17 474552 18 421875 19 456533 20 474552 21 405224 22 1685159 23 1953125 24 2146689 25 2048383 27 274625 28 274625 29 262144 30 140608 31 85184 32 64000 33 54872 34 42875 35 29791 36 32768 
1 17576 2 85184 3 274625 4 2248091 5 857375 6 148877 7 117649 8 97336 9 79507 10 68921 11 59319 12 10648 13 8000 14 5832 15 2744 16 343 17 68921 18 42875 19 110592 20 157464 21 125000 22 175616 23 274625 24 175616 25 205379 26 274625 28 2744000 29 2406104 30 2097152 31 1728000 32 753571 33 753571 34 729000 35 704969 36 830584 
1 21952 2 91125 3 274625 4 2299968 5 912673 6 166375 7 132651 8 110592 9 91125 10 79507 11 68921 12 12167 13 9261 14 6859 15 4096 16 729 17 74088 18 50653 19 125000 20 175616 21 132651 22 175616 23 274625 24 175616 25 216000 26 274625 27 2744000 29 2515456 30 2146689 31 1771561 32 804357 33 804357 34 753571 35 753571 36 884736 
1 35937 2 117649 3 287496 4 2460375 5 1061208 6 226981 7 185193 8 157464 9 132651 10 110592 11 97336 12 19683 13 17576 14 13824 15 9261 16 2744 17 91125 18 64000 19 157464 20 216000 21 166375 22 185193 23 287496 24 175616 25 216000 26 262144 27 2406104 28 2515456 30 2197000 31 1815848 32 970299 33 941192 34 912673 35 884736 36 1030301 
1 15625 2 59319 3 157464 4 2571353 5 1157625 6 238328 7 205379 8 175616 9 148877 10 125000 11 110592 12 6859 13 4913 14 4096 15 2197 16 343 17 42875 18 27000 19 85184 20 125000 21 97336 22 91125 23 157464 24 85184 25 110592 26 140608 27 2097152 28 2146689 29 2197000 31 2406104 32 1000000 33 1000000 34 1000000 35 1000000 36 1225043 
1 6859 2 32768 3 97336 4 2146689 5 1157625 6 226981 7 216000 8 175616 9 148877 10 125000 11 110592 12 2197 13 1728 14 1000 15 512 16 1 17 21952 18 12167 19 50653 20 79507 21 59319 22 50653 23 97336 24 46656 25 64000 26 85184 27 1728000 28 1771561 29 1815848 30 2406104 32 970299 33 970299 34 1000000 35 1030301 36 1295029 
1 140608 2 175616 3 110592 4 1030301 5 2515456 6 1124864 7 1000000 8 912673 9 830584 10 778688 11 729000 12 85184 13 79507 14 85184 15 74088 16 50653 17 125000 18 91125 19 226981 20 300763 21 274625 22 79507 23 117649 24 50653 25 74088 26 64000 27 753571 28 804357 29 970299 30 1000000 31 970299 33 2744000 34 2515456 35 2248091 36 1953125 
1 125000 2 157464 3 97336 4 1030301 5 2571353 6 1124864 7 1030301 8 912673 9 857375 10 778688 11 729000 12 74088 13 68921 14 74088 15 64000 16 42875 17 110592 18 79507 19 205379 20 274625 21 250047 22 68921 23 103823 24 42875 25 64000 26 54872 27 753571 28 804357 29 941192 30 1000000 31 970299 32 2744000 34 2628072 35 2352637 36 2048383 
1 103823 2 125000 3 74088 4 1000000 5 2571353 6 1124864 7 1030301 8 941192 9 857375 10 778688 11 729000 12 54872 13 54872 14 59319 15 50653 16 32768 17 85184 18 59319 19 166375 20 226981 21 205379 22 50653 23 79507 24 29791 25 50653 26 42875 27 729000 28 753571 29 912673 30 1000000 31 1000000 32 2515456 33 2628072 35 2571353 36 2197000 
1 74088 2 91125 3 54872 4 1000000 5 2406104 6 1030301 7 1030301 8 912673 9 830584 10 753571 11 704969 12 35937 13 35937 14 39304 15 32768 16 19683 17 59319 18 39304 19 125000 20 175616 21 157464 22 35937 23 59319 24 19683 25 32768 26 29791 27 704969 28 753571 29 884736 30 1000000 31 1030301 32 2248091 33 2352637 34 2571353 36 2352637 
1 42875 2 68921 3 54872 4 1191016 5 2248091 6 804357 7 804357 8 704969 9 636056 10 571787 11 531441 12 19683 13 19683 14 19683 15 15625 16 8000 17 42875 18 27000 19 97336 20 140608 21 117649 22 32768 23 54872 24 19683 25 32768 26 32768 27 830584 28 884736 29 1030301 30 1225043 31 1295029 32 1953125 33 2048383 34 2197000 35 2352637 
