200
7
5
1
36 30
100 45
130 50
40 130
70 110
135 100
36 30
100 45
130 50
40 130
70 110
135 100
78 151
35 134
136 24
150 61
71 109
105 124
77 135
145 3
49 128
136 55
158 80
89 111
29 83
127 65
90 71
85 45
145 19
22 35
158 31
116 60
118 10
137 103
69 34
92 124
106 13
54 111
69 110
15 115
34 123
76 157
82 20
4 30
82 72
129 108
43 133
54 113
156 151
4 73
108 109
78 140
77 134
85 40
150 101
159 52
56 3
103 30
57 33
145 107
131 22
131 23
141 22
138 30
91 138
130 52
87 32
121 2
69 56
61 30
87 120
0 79
91 47
21 76
155 135
29 90
16 155
94 66
34 124
101 91
81 89
127 10
97 51
73 106
75 2
56 108
159 30
15 90
105 154
86 108
57 75
20 38
154 92
72 80
87 43
62 56
99 150
45 132
143 149
26 90
111 45
23 130
88 28
145 157
65 25
121 94
71 46
160 100
107 40
101 12
98 84
151 23
17 116
58 137
124 144
5 30
94 40
140 142
19 113
38 72
143 50
0 73
124 50
80 80
140 49
60 115
88 42
113 130
70 129
0 86
138 24
115 135
113 156
117 73
57 39
98 49
152 21
84 145
95 114
64 89
86 43
51 65
88 116
150 145
39 101
151 39
9 91
72 115
159 100
112 26
44 93
125 47
115 45
0 95
57 108
85 110
117 136
12 88
71 109
157 102
127 150
136 67
4 30
60 128
101 18
40 92
82 158
153 100
33 156
70 73
103 49
98 18
139 21
131 11
121 92
54 60
137 146
141 30
112 45
153 152
99 50
82 37
118 105
73 115
59 73
111 0
137 129
53 128
82 73
55 126
147 155
84 95
35 89
125 47
1 91
150 50
140 52
93 73
75 25
92 128
38 125
159 152
157 126
82 42
120 109
14 129
11 33
1 148
84 144
112 102
116 27
64 81
