200
7
5
3
36 30
100 45
130 50
40 130
70 110
135 100
36 30
100 45
130 50
40 130
70 110
135 100
108 79
135 66
135 46
96 145
98 48
112 100
70 106
148 35
60 7
131 52
38 159
126 97
3 0
23 42
19 65
50 136
32 130
100 152
158 88
101 117
63 104
128 127
133 53
28 130
104 64
88 102
101 125
134 54
17 24
81 35
14 29
130 126
152 50
57 39
46 129
108 48
106 45
134 136
97 40
76 151
63 79
50 101
150 122
92 102
85 93
100 48
131 48
144 41
41 137
123 9
6 127
110 98
37 134
37 110
35 73
125 137
40 155
72 108
157 101
104 140
38 30
117 48
146 58
140 94
54 108
89 40
25 127
111 49
29 108
134 67
111 121
35 136
26 133
85 45
52 110
40 99
47 21
39 128
136 53
6 28
13 86
137 125
110 96
111 141
56 131
99 70
150 102
71 73
15 20
58 113
86 119
140 63
25 107
134 137
13 23
98 47
154 127
51 123
153 78
116 49
65 83
109 75
94 143
52 128
78 21
83 143
141 52
23 82
154 105
64 148
128 74
98 83
45 127
38 66
54 133
123 52
80 52
83 6
150 102
31 84
21 40
69 88
102 74
102 30
160 100
78 18
81 116
95 2
70 147
0 33
93 43
92 59
123 104
145 104
64 88
115 117
25 92
91 43
88 110
33 77
96 38
68 111
53 108
36 63
85 46
156 101
105 151
127 44
58 130
78 28
10 87
87 110
72 83
155 134
145 50
90 136
158 74
16 35
46 123
110 100
159 102
64 104
115 20
113 47
149 1
130 52
60 115
97 89
74 115
26 33
141 109
89 1
58 74
93 146
143 50
132 102
44 133
143 50
69 157
105 38
29 75
62 116
153 36
91 40
109 69
7 79
64 26
53 18
28 107
141 46
66 142
22 26
50 84
131 13
49 131
36 122
115 75
142 50
87 132
19 93
