200
7
5
4
36 30
100 45
130 50
40 130
70 110
135 100
36 30
100 45
130 50
40 130
70 110
135 100
65 67
4 82
25 111
27 85
137 104
150 16
88 63
29 136
60 115
136 107
135 108
54 107
32 93
114 43
109 158
103 19
115 134
30 124
105 145
88 48
35 21
122 35
89 47
150 60
102 39
31 123
65 110
62 115
113 44
123 94
114 4
152 122
72 26
51 93
90 44
63 117
54 127
118 91
38 123
10 67
144 2
41 102
15 71
59 61
64 83
113 47
121 54
2 119
37 87
48 63
125 124
70 39
87 42
14 27
57 32
138 49
96 97
143 134
114 105
126 48
71 129
139 148
77 106
118 1
115 104
132 6
133 95
65 57
136 98
58 105
65 81
51 33
101 67
102 143
74 103
114 46
132 138
130 49
156 102
83 106
58 130
87 110
38 83
72 78
14 145
64 51
134 50
150 33
153 99
42 132
128 130
58 130
24 142
24 127
152 143
5 132
82 112
40 126
38 70
18 39
89 114
3 91
27 126
119 54
108 45
7 135
139 149
54 111
2 76
28 65
147 107
27 92
72 110
92 48
71 116
44 109
57 156
119 52
71 143
22 130
23 128
156 147
14 75
63 2
40 151
144 41
73 91
92 5
123 51
3 157
71 84
74 112
54 113
94 151
140 142
137 55
87 42
10 101
85 45
15 29
9 103
80 49
155 37
116 79
110 49
55 127
52 133
108 19
81 41
102 65
43 30
108 79
29 32
108 43
81 106
68 8
4 30
35 89
107 43
65 30
138 105
103 89
37 34
80 21
55 106
9 6
54 86
131 133
6 111
55 113
60 39
29 149
62 153
147 102
33 21
33 38
48 20
125 55
113 29
49 21
97 41
133 46
107 24
117 48
82 54
116 50
22 141
53 108
49 136
114 63
102 118
154 96
20 72
8 31
141 48
104 108
36 22
152 98
33 83
133 56
