200
7
5
4
36 30
100 45
130 50
40 130
70 110
135 100
36 30
100 45
130 50
40 130
70 110
135 100
115 98
54 107
53 111
11 140
42 157
100 151
118 92
110 44
91 6
70 131
103 141
37 75
92 128
67 92
49 136
12 90
76 20
88 110
24 18
157 10
89 47
140 111
76 105
43 132
73 74
109 87
97 50
108 48
59 74
46 70
127 14
50 37
9 104
69 38
129 53
94 48
33 34
38 90
102 17
58 113
49 35
54 112
133 72
4 43
98 91
16 39
72 38
145 28
111 69
14 138
128 49
14 116
15 32
89 159
49 123
61 159
107 40
88 20
14 99
88 56
53 96
136 74
67 40
117 47
126 133
48 124
124 28
71 3
117 103
31 125
87 45
127 157
10 36
94 40
85 150
141 50
82 12
70 34
128 51
59 82
94 26
88 110
60 107
24 76
34 130
92 120
45 92
5 77
18 2
95 46
104 159
93 8
50 133
139 65
124 65
136 50
105 102
67 30
17 144
89 104
21 36
9 148
17 77
99 40
55 76
10 91
61 71
52 108
63 144
34 21
112 46
110 49
6 12
138 88
45 158
58 34
37 90
77 117
64 30
57 55
29 16
107 1
143 12
133 44
127 74
131 110
155 93
13 99
92 58
92 49
81 80
24 42
34 18
82 107
87 86
146 23
137 47
124 89
50 136
125 35
105 104
69 116
5 29
141 74
100 73
10 118
89 128
156 95
82 107
73 46
137 97
126 126
142 100
7 78
73 156
85 95
86 109
89 44
111 122
140 52
123 31
81 113
50 41
132 48
98 158
123 94
149 16
93 143
58 130
69 67
39 21
96 20
42 39
144 51
126 152
33 123
100 41
120 92
110 63
114 21
56 39
32 136
79 78
10 30
148 5
157 42
72 143
149 47
36 135
113 100
86 46
51 90
54 110
87 108
100 69
47 136
109 116
72 53
75 86
130 96
