NAME : Unnamed.1585.tour
COMMENT : Length = 1585
COMMENT : Found by LKH [Keld Helsgaun] Mon Jan 12 15:16:50 2015
TYPE : TOUR
DIMENSION : 201
TOUR_SECTION
1
2
39
29
37
45
201
34
22
25
33
35
5
24
163
97
182
103
119
174
50
54
176
105
86
165
88
138
49
133
191
53
177
87
98
121
155
56
198
64
183
101
113
193
188
126
128
48
83
159
85
69
148
91
131
57
164
116
129
17
3
140
74
115
195
93
112
46
132
196
47
78
76
157
141
171
161
152
63
4
44
26
40
6
38
21
8
16
20
9
23
172
180
73
27
19
12
10
15
13
41
31
137
117
60
143
151
134
178
77
68
187
139
142
125
108
80
70
95
162
200
92
149
65
118
72
150
62
194
102
167
104
130
184
89
51
66
136
135
96
156
170
99
186
75
179
110
90
58
100
107
52
120
144
67
145
189
61
175
153
81
190
192
181
106
169
124
154
146
173
84
109
71
122
158
94
79
147
123
185
82
43
32
7
11
28
36
127
197
166
111
59
114
160
55
168
199
30
18
42
14
-1
EOF
