NAME : Unnamed.1576.tour
COMMENT : Length = 1576
COMMENT : Found by LKH [Keld Helsgaun] Wed Oct 22 13:40:24 2014
TYPE : TOUR
DIMENSION : 201
TOUR_SECTION
1
5
9
7
166
168
13
10
14
15
4
16
201
11
6
3
2
167
142
139
12
8
143
49
148
86
152
146
132
162
164
175
84
160
154
196
173
95
140
117
145
161
151
144
104
50
72
55
53
34
46
47
116
123
172
131
91
89
122
75
118
138
141
155
93
115
120
135
109
169
113
157
133
127
158
64
66
37
17
22
38
48
57
71
54
67
52
61
130
114
97
183
106
171
111
176
159
124
81
80
149
78
102
101
85
88
192
195
150
19
100
98
74
33
28
25
27
24
32
20
23
62
31
63
41
103
153
82
170
121
136
156
79
42
43
51
112
107
68
44
69
73
56
59
45
36
129
65
58
60
39
40
76
126
90
83
125
77
177
108
94
147
87
70
18
21
29
30
26
35
187
194
199
119
128
92
163
134
99
105
165
110
200
137
181
96
174
189
191
188
178
184
186
185
182
190
179
193
198
197
180
-1
EOF
