NAME : Unnamed.1585.tour
COMMENT : Length = 1585
COMMENT : Found by LKH [Keld Helsgaun] Wed Oct 22 13:41:33 2014
TYPE : TOUR
DIMENSION : 201
TOUR_SECTION
1
2
13
8
12
200
201
10
5
7
9
11
3
6
190
176
196
177
181
193
166
168
194
178
173
191
174
187
165
186
198
167
195
97
103
117
135
79
162
84
151
106
113
157
155
183
184
164
171
188
172
88
130
100
27
123
65
46
50
20
15
54
33
114
25
175
75
185
159
76
93
92
112
138
126
147
133
141
83
26
74
58
71
16
24
22
17
19
21
18
23
66
69
32
59
49
37
35
43
40
72
63
52
47
28
56
60
51
68
34
30
70
53
55
48
44
38
31
41
64
73
101
131
85
115
90
132
82
158
107
144
108
122
152
98
77
86
125
124
42
136
146
104
154
91
149
111
99
80
105
110
78
116
127
87
128
156
81
148
134
95
197
199
150
109
145
119
62
57
67
39
45
89
182
139
102
94
129
118
153
96
161
140
29
36
61
142
121
160
143
170
179
180
189
169
192
163
137
120
14
4
-1
EOF
