NAME : Unnamed.1571.tour
COMMENT : Length = 1571
COMMENT : Found by LKH [Keld Helsgaun] Wed Oct 22 13:40:34 2014
TYPE : TOUR
DIMENSION : 201
TOUR_SECTION
1
4
5
14
117
173
170
140
111
141
152
126
129
112
99
186
133
128
130
103
107
158
183
165
160
182
159
200
171
168
193
163
194
45
56
59
72
69
8
6
17
9
50
82
144
138
121
143
153
64
67
46
89
71
52
57
90
60
156
73
105
49
95
134
137
125
98
113
120
119
109
70
101
142
151
149
104
100
108
123
114
91
92
139
131
145
147
106
150
43
66
40
38
22
34
29
75
74
47
77
24
30
42
84
80
68
33
32
96
39
87
85
146
94
48
76
62
79
88
83
78
27
25
31
28
26
21
23
115
177
181
199
188
166
164
180
157
178
191
192
195
167
176
179
190
172
198
174
196
189
184
197
185
135
161
162
122
102
116
127
148
124
136
118
132
187
175
169
110
58
61
93
97
86
65
81
37
36
35
55
54
41
44
53
51
155
154
63
10
11
15
13
201
3
7
18
2
20
12
16
19
-1
EOF
