NAME : Unnamed.1576.tour
COMMENT : Length = 1576
COMMENT : Found by LKH [Keld Helsgaun] Wed Oct 22 13:39:55 2014
TYPE : TOUR
DIMENSION : 201
TOUR_SECTION
1
7
87
122
132
195
143
82
79
131
48
124
153
155
176
85
120
128
148
110
190
117
53
178
144
137
179
139
29
3
5
16
4
88
115
175
105
150
96
129
142
119
92
72
107
194
113
198
180
133
169
56
55
51
101
100
70
77
98
93
42
41
23
19
22
28
24
67
102
172
57
191
130
149
177
54
68
75
45
95
108
116
159
76
160
192
114
121
78
66
61
125
140
141
118
49
136
81
58
134
50
199
109
86
167
73
174
8
14
20
27
26
17
12
34
18
11
46
163
157
193
126
138
84
183
147
94
106
186
111
200
151
64
91
197
145
156
112
52
80
99
97
71
146
60
161
187
184
62
59
69
104
83
188
189
158
127
165
168
65
185
201
162
103
2
40
31
30
43
63
135
74
89
152
32
9
36
6
171
35
25
38
39
47
44
181
173
166
196
90
154
123
164
182
170
33
15
10
37
21
13
-1
EOF
