NAME : Unnamed.1588.tour
COMMENT : Length = 1588
COMMENT : Found by LKH [Keld Helsgaun] Wed Oct 22 13:41:30 2014
TYPE : TOUR
DIMENSION : 201
TOUR_SECTION
1
4
12
11
119
195
196
182
199
176
198
186
179
172
183
184
170
188
190
174
191
200
173
197
194
178
166
168
82
48
78
55
149
146
157
112
124
38
130
70
44
41
62
54
85
42
92
23
19
20
22
24
57
91
76
32
50
126
152
101
77
94
68
56
88
46
17
29
84
66
80
95
73
60
64
71
75
103
63
74
120
163
121
129
158
98
100
159
123
115
155
116
140
97
137
167
99
160
43
45
53
67
31
93
34
83
47
52
87
86
132
134
96
111
151
113
175
192
180
189
171
127
154
135
125
30
142
107
187
89
117
27
136
90
28
40
39
51
69
61
79
65
72
33
18
26
21
25
35
81
59
36
49
58
37
144
156
162
106
147
133
110
109
122
114
165
150
139
128
102
145
148
138
161
108
104
164
141
143
131
185
177
105
118
153
169
181
193
3
9
5
13
2
16
7
14
8
10
15
201
6
-1
EOF
